36,3
36,2
36,1
36,0
35,5
35,4
35,3
35,2
35,1
35,0
33,5
33,4
33,3
33,2
33,1
33,0
14,127
14,126
14,125
14,124
14,123
14,122
14,121
14,120
14,119
14,118
14,117
14,116
14,115
14,114
14,113
14,112
14,111
14,110
14,109
14,108
14,107
14,106
14,105
14,104
14,103
14,102
14,101
14,100
14,99
14,98
14,97
14,96
14,67
14,66
14,65
14,64
14,6
14,4
14,2
6,5
6,4
6,3
6,2
6,1
6,0
5,6
5,5
5,4
5,3
5,2
5,1
5,0
4,3
4,2
4,1
4,0
3,6
3,5
3,4
3,3
3,2
3,1
3,0
2,5
2,4
2,3
2,2
2,1
2,0
1,3
1,2
1,1
1,0
0,436
0,435
0,431
0,408
0,383
0,378
0,377
0,375
0,369
0,366
0,365
0,359
0,356
0,343
0,335
0,332
0,327
0,326
0,322
0,319
0,243
14,1
14,95
14,3
14,0
0,9
0,310
0,305
0,308
0,304
0,303
0,302
0,307
0,12
0,10
0,8
0,0
0,433
0,300
0,432
0,299
0,405
0,298
0,430
0,297
0,429
0,296
0,428
0,295
0,403
0,294
0,426
0,293
0,425
0,292
0,424
0,291
0,423
0,290
0,422
0,289
0,421
0,288
0,386
0,287
0,357
0,286
0,418
0,285
0,350
0,284
0,416
0,283
0,415
0,282
0,281
0,328
0,280
0,339
0,279
0,333
0,278
0,410
0,277
36,4
36,5
36,7
36,8
37,1
37,2
37,4
38,1
38,2
38,4
38,5
39,1
39,3
39,4
39,6
39,7
39,9
39,10
39,12
39,14
39,15
40,1
40,2
40,4
41,0
41,1
41,3
41,4
42,0
42,1
42,3
42,5
42,4
42,2
41,5
41,2
40,5
40,3
40,0
39,13
39,11
39,8
39,5
39,2
39,0
38,3
38,0
37,3
37,0
36,6
0,409
0,276
0,324
0,275
0,406
0,274
0,407
0,273
0,404
0,272
0,391
0,271
0,427
0,270
0,313
0,269
0,401
0,268
0,338
0,267
0,398
0,266
0,389
0,265
0,396
0,264
0,395
0,263
0,379
0,262
0,393
0,261
0,440
0,260
0,348
0,259
0,390
0,258
0,420
0,257
0,388
0,256
0,345
0,255
0,419
0,254
0,385
0,253
0,306
0,252
0,251
0,382
0,250
0,381
0,249
0,380
0,248
0,331
0,247
0,246
0,417
0,245
0,376
0,244
0,242
0,374
0,241
0,445
0,240
0,372
0,239
0,371
0,238
0,370
0,237
0,236
0,368
0,235
0,367
0,234
0,400
0,233
0,232
0,364
0,231
0,363
0,230
0,362
0,229
0,361
0,228
0,438
0,227
0,387
0,226
0,358
0,225
0,320
0,224
0,223
0,355
0,222
0,354
0,221
0,353
0,220
0,352
0,219
0,351
0,218
0,217
0,413
0,216
0,434
0,215
0,373
0,214
0,349
0,213
0,399
0,212
0,437
0,211
0,347
0,210
0,346
0,209
0,444
0,208
0,344
0,207
0,412
0,206
0,342
0,205
0,341
0,204
0,340
0,203
0,443
0,202
0,323
0,201
0,337
0,200
0,447
0,199
0,394
0,198
0,442
0,197
0,336
0,196
0,397
0,195
0,446
0,194
0,439
0,193
0,329
0,192
0,441
0,63
0,411
0,62
0,402
0,61
0,325
0,60
0,330
0,59
0,334
0,58
0,321
0,57
0,360
0,56
0,414
0,55
0,318
0,54
0,317
0,53
0,316
0,52
0,315
0,51
0,314
0,50
0,384
0,49
0,312
0,48
0,311
0,47
0,309
0,46
0,301
0,45
0,392
0,6
0,5
0,1
0,11
0,4
0,2
0,3
0,7
